$ 1 5.0E-6 10.20027730826997 50 5.0 50
f 224 288 272 288 0 1.5
f 416 288 368 288 0 1.5
f 416 192 368 192 1 1.5
f 224 192 272 192 1 1.5
f 128 224 176 224 0 1.5
f 512 224 464 224 0 1.5
g 320 400 320 432 0
R 320 144 320 80 0 0 40.0 12.0 0.0 0.0 0.5
w 272 176 272 144 0
w 272 144 320 144 0
w 368 176 368 144 0
w 368 144 320 144 0
w 272 208 272 240 0
w 272 240 272 272 0
w 368 208 368 240 0
w 368 240 368 272 0
r 272 240 320 240 0 100.0
l 368 240 320 240 0 1.0 -1.1999969142925296E-7
d 272 304 272 272 1 0.805904783
d 272 208 272 176 1 0.805904783
d 368 208 368 176 1 0.805904783
d 368 304 368 272 1 0.805904783
w 272 304 272 320 0
w 272 320 320 320 0
w 320 320 368 320 0
w 368 320 368 304 0
r 416 192 416 144 0 1000.0
r 416 192 464 192 0 1000.0
r 224 192 176 192 0 1000.0
r 224 192 224 144 0 1000.0
w 272 144 224 144 0
w 368 144 416 144 0
w 464 192 464 208 0
w 464 240 464 320 0
w 464 320 368 320 0
w 176 192 176 208 0
w 176 240 176 320 0
w 176 320 272 320 0
w 224 288 112 288 0
w 128 224 112 224 0
w 512 224 528 224 0
w 416 288 528 288 0
L 112 224 48 224 0 0 false 5.0 0.0
L 112 288 48 288 0 0 false 5.0 0.0
L 528 224 592 224 0 0 false 5.0 0.0
L 528 288 592 288 0 1 false 5.0 0.0
w 320 320 320 400 1

