$ 1 5.0E-6 10.20027730826997 50 5.0 43
f 480 256 560 256 0 1.5
f 480 464 544 464 0 1.5
R 256 256 96 256 0 2 40.0 2.5 2.5 0.0 0.5
L 240 304 96 304 0 1 false 5.0 0.0
L 224 512 96 512 0 1 false 5.0 0.0
w 560 240 672 240 0
w 544 448 672 448 0
r 672 448 736 448 0 470.0
r 672 240 736 240 0 470.0
f 736 240 800 240 1 1.5
f 736 448 816 448 1 1.5
r 736 240 736 176 0 10000.0
w 736 176 800 176 0
w 800 176 800 224 0
w 800 176 864 176 0
R 864 176 864 96 0 0 40.0 12.0 0.0 0.0 0.5
g 848 608 848 640 0
r 736 448 736 384 0 10000.0
w 736 384 816 384 0
w 816 384 816 432 0
w 816 384 864 384 0
w 864 384 864 176 0
f 752 304 800 304 0 1.5
f 768 512 816 512 0 1.5
w 800 256 800 288 0
w 752 304 656 304 0
w 816 464 816 496 0
w 768 512 656 512 0
w 800 320 848 320 0
w 848 320 848 528 0
w 848 528 816 528 0
w 816 464 992 464 2
w 800 256 992 256 2
r 992 256 992 352 0 10.0
l 992 352 992 464 0 0.1 -1.6902264315893675E-15
p 1040 256 1040 464 1
w 1040 464 992 464 0
w 992 256 1040 256 0
w 256 256 480 256 0
w 256 256 256 464 0
w 256 464 480 464 0
w 656 512 544 512 0
w 544 512 544 480 0
w 544 512 224 512 1
w 656 304 560 304 0
w 560 304 560 272 0
w 560 304 240 304 1
w 848 528 848 608 1
d 816 528 816 496 1 0.805904783
d 816 464 816 432 1 0.805904783
d 800 320 800 288 1 0.805904783
d 800 256 800 224 1 0.805904783
d 544 480 544 448 1 0.805904783
d 560 272 560 240 1 0.805904783
